1
4
6
7
6
6
7
8
7
7
8
8
9
9
7
8
9
10
11
13
12
13
11
11
14
14
15
13
16
31
15
17
19
18
19
17
21
27
22
26
26
19
20
22
23
24
25
18
14
16
10
11
16
12
16
9
11
15
12
10
11
11
11
11
8
6
9
7
8
10
11
10
39
75
66
54
58
52
57
58
58
41
43
40
45
46
42
50
50
46
39
50
48
46
48
44
42
44
23
8
6
-5
-19
-20
-22
-20
-21
-25
-28
17
18
19
20
25
25
24
24
23
19
19
16
-5
-12
-10
-11
-6
-9
-7
-10
-17
-24
-23
-21
-14
-11
-13
-9
28
5
-2
-12
-25
-38
-44
-54
-52
-52
-51
-51
-47
-35
-7
-45
-49
-52
-48
-49
-31
-30
-32
-27
-22
-12
-28
-41
-53
-53
-54
-54
-47
-50
-45
-43
-4
-2
-4
-6
-6
-9
-10
-33
-53
-45
-56
-58
-60
-51
-50
-55
-58
-55
-54
-55
-40
-44
-50
-52
-51
-53
-54
-49
-35
-17
-39
-41
-47
-47
-42
-42
-30
-27
-32
-32
-38
-37
-34
-44
-48
-43
-20
-45
-44
-55
-50
-52
-55
-57
-50
-65
-18
-39
-26
-60
-54
-76
-42
-34
-34
-45
-25
-35
-34
-31
-34
-50
-42
-27
-30
-55
-43
-49
-45
-40
-38
-36
-29
-28
-22
-25
-24
-27
-39
-40
-43
-37
-51
-36
-32
-33
-29
-30
-37
-44
-36
-16
-13
-18
-18
-29
-7
-27
-30
